 35
Q85429     3.50 3.56 2.28 -1.43 -5.71 3.56 3.56 3.53 2.89 2.71 2.77 3.53 3.43 1.95
 3.56 3.53 2.10 3.56 3.56 3.56 0.83 3.37 2.56 2.27 3.56 2.56 -124.24 3.56
 3.56 -167.62 -5.84 1.53 3.56 1.53 3.56 
P22338     3.56 3.53 -1.83 3.56 -0.05 3.56 -9.66 2.64 3.56 -0.97 3.56 2.83 3.30 2.94
 3.33 2.94 3.56 3.09 3.56 3.56 -385.45 2.64 3.50 3.47 3.26 0.59 -0.69 3.40
 3.56 3.40 3.56 -3.65 3.56 -306.94 2.48 
D2VN83     2.28 -1.83 -0.80 3.56 3.56 -2.12 3.00 3.56 -243.38 1.67 3.56 2.64 0.69
 3.22 -238.78 3.56 3.56 3.56 3.56 3.56 -0.22 3.22 3.53 3.56 3.56 3.56 3.56
 0.96 1.13 3.56 3.53 -140.90 3.56 -1.77 3.56 
Q8JPR1     -1.43 3.56 3.56 3.56 0.83 3.56 2.94 0.79 3.56 3.56 3.04 3.33 3.56 0.69
 3.56 -87.77 3.26 3.53 3.56 3.56 3.47 1.87 3.56 0.59 3.56 3.56 -7.58 3.56
 3.56 -10.15 3.56 3.56 3.56 3.56 3.56 
Q23869     -5.71 -0.05 3.56 0.83 -2.60 3.56 1.46 1.87 3.33 3.43 3.26 -5.04 -1.61 1.48
 3.50 -105.33 3.14 3.56 -3.35 3.53 -1.31 1.76 -13.72 1.95 2.83 3.40 -71.28
 -1.02 -1.71 -0.78 -2.56 3.56 0.10 -1.90 3.04 
C0MMX3     3.56 3.56 -2.12 3.56 3.56 -534.71 2.56 3.56 1.77 2.94 3.26 3.56 3.56 3.56
 3.09 3.56 -2.21 3.53 3.56 3.43 -0.54 2.07 3.56 3.56 2.15 3.18 3.56 -0.03
 3.56 3.56 -2.21 2.30 3.56 -0.36 1.77 
G7YB21     3.56 -9.66 3.00 2.94 1.46 2.56 -274.01 2.48 3.30 3.09 3.22 3.30 -7.40 2.56
 3.33 2.71 3.53 3.56 3.56 3.04 -7.26 2.83 2.48 3.56 3.40 3.30 3.56 -7.49
 -8.57 3.43 2.56 3.04 -8.87 -7.66 3.50 
P03315     3.53 2.64 3.56 0.79 1.87 3.56 2.48 -541.46 2.77 3.09 2.89 3.56 2.30
 -541.11 2.89 1.50 -3.69 2.94 3.56 3.56 3.56 3.56 -3.27 -537.71 3.56 3.56
 3.50 3.56 2.40 3.09 -2.83 2.30 2.89 3.56 2.40 
F4JP36     2.89 3.56 -243.38 3.56 3.33 1.77 3.30 2.77 -1.61 3.00 2.89 3.53 3.50 3.56
 1.70 3.56 3.56 3.56 1.89 3.56 -0.46 2.64 3.56 3.56 -257.20 3.56 2.07 3.14
 3.56 3.56 2.22 -132.59 3.53 0.88 -263.70 
Q6X2U1     2.71 -0.97 1.67 3.56 3.43 2.94 3.09 3.09 3.00 -740.33 2.40 3.56 0.26 3.40
 3.56 3.47 3.53 3.56 3.53 3.56 0.26 2.48 3.43 3.56 3.56 3.26 3.56 0.47 0.34
 3.53 2.83 3.26 0.18 2.56 3.56 
Q02004     2.77 3.56 3.56 3.04 3.26 3.26 3.22 2.89 2.89 2.40 -407.56 3.56 3.53 3.56
 3.56 -11.25 3.47 3.00 3.56 3.56 1.82 -7.85 2.20 3.56 3.22 3.56 -2.04 3.56
 3.56 -2.83 -0.58 3.14 3.56 3.26 3.56 
D2VQ99     3.53 2.83 2.64 3.33 -5.04 3.56 3.30 3.56 3.53 3.56 3.56 3.33 3.56 3.56
 3.56 3.56 3.26 3.56 3.30 3.56 3.56 3.43 3.56 3.56 3.56 3.50 3.56 3.56 3.56
 3.56 3.56 3.50 3.56 3.56 3.56 
P06935     3.43 3.30 0.69 3.56 -1.61 3.56 -7.40 2.30 3.50 0.26 3.53 3.56 -486.76 3.56
 3.50 3.18 3.50 3.30 3.37 3.56 -390.34 3.56 3.56 3.56 3.47 3.37 2.48 0.79
 3.56 3.53 3.56 -4.64 -482.85 -302.55 3.56 
P13897     1.95 2.94 3.22 0.69 1.48 3.56 2.56 -541.11 3.56 3.40 3.56 3.56 3.56
 -583.76 3.56 1.93 -6.81 3.30 3.56 3.56 3.53 3.56 -5.36 -580.25 3.26 3.40
 2.01 2.83 2.71 3.53 -2.59 2.30 3.56 2.77 2.23 
P13897     3.56 3.33 -238.78 3.56 3.50 3.09 3.33 2.89 1.70 3.56 3.56 3.56 3.50 3.56
 2.08 3.56 3.56 3.56 3.56 3.56 1.55 2.83 3.56 3.56 -263.70 3.56 3.56 3.56
 3.56 3.56 3.56 -134.66 3.53 -0.60 -264.10 
A2T090     3.53 2.94 3.56 -87.77 -105.33 3.56 2.71 1.50 3.56 3.47 -11.25 3.56 3.18
 1.93 3.56 1.28 3.53 3.56 2.48 3.56 2.94 1.46 2.00 2.94 3.56 3.56 3.53 3.33
 3.53 3.56 -82.15 1.39 1.87 -3.35 3.56 
Q01260     2.10 3.56 3.56 3.26 3.14 -2.21 3.53 -3.69 3.56 3.53 3.47 3.26 3.50 -6.81
 3.56 3.53 1.61 3.53 3.56 3.50 1.72 2.64 3.22 3.18 3.30 3.37 -1.83 3.40
 3.53 3.18 -229.16 1.10 3.43 1.41 3.50 
T1ISJ2     3.56 3.09 3.56 3.53 3.56 3.53 3.56 2.94 3.56 3.56 3.00 3.56 3.30 3.30 3.56
 3.56 3.53 -389.65 3.56 3.56 3.14 3.22 3.56 3.56 3.56 -346.59 3.56 2.40
 2.48 3.18 2.94 1.63 3.18 2.20 3.56 
D2W008     3.56 3.56 3.56 3.56 -3.35 3.56 3.56 3.56 1.89 3.53 3.56 3.30 3.37 3.56
 3.56 2.48 3.56 3.56 3.56 3.47 3.56 3.56 3.56 3.56 2.30 3.56 3.53 3.56 3.56
 3.56 2.89 -0.04 3.56 3.30 3.56 
C3Y7J9     3.56 3.56 3.56 3.56 3.53 3.43 3.04 3.56 3.56 3.56 3.56 3.56 3.56 3.56 3.56
 3.56 3.50 3.56 3.47 3.43 3.56 2.64 3.56 3.56 3.56 3.26 3.56 3.18 3.56 3.56
 3.26 2.56 3.47 3.56 3.56 
P33515     0.83 -385.45 -0.22 3.47 -1.31 -0.54 -7.26 3.56 -0.46 0.26 1.82 3.56
 -390.34 3.53 1.55 2.94 1.72 3.14 3.56 3.56 -408.47 1.10 3.53 3.53 3.56
 3.43 1.28 -385.74 3.56 3.43 3.14 -3.19 -386.83 -252.59 3.56 
A3RKP6     3.37 2.64 3.22 1.87 1.76 2.07 2.83 3.56 2.64 2.48 -7.85 3.43 3.56 3.56
 2.83 1.46 2.64 3.22 3.56 2.64 1.10 1.36 3.56 3.56 3.56 2.29 0.10 3.56 2.94
 3.53 -151.28 3.53 3.43 2.64 3.56 
H2AM12     2.56 3.50 3.53 3.56 -13.72 3.56 2.48 -3.27 3.56 3.43 2.20 3.56 3.56 -5.36
 3.56 2.00 3.22 3.56 3.56 3.56 3.53 3.56 3.53 3.56 3.56 3.56 -0.30 3.56
 2.94 3.56 -235.37 2.77 3.56 2.30 3.56 
R9RW17     2.27 3.47 3.56 0.59 1.95 3.56 3.56 -537.71 3.56 3.56 3.56 3.56 3.56
 -580.25 3.56 2.94 3.18 3.56 3.56 3.56 3.53 3.56 3.56 -654.29 3.56 3.56
 3.18 3.56 3.56 3.56 -2.32 2.56 3.56 3.22 3.56 
R9RW17     3.56 3.26 3.56 3.56 2.83 2.15 3.40 3.56 -257.20 3.56 3.22 3.56 3.47 3.26
 -263.70 3.56 3.30 3.56 2.30 3.56 3.56 3.56 3.56 3.56 3.56 3.56 3.56 3.56
 3.26 3.50 3.56 -136.06 2.83 -0.67 3.56 
G5EGL9     2.56 0.59 3.56 3.56 3.40 3.18 3.30 3.56 3.56 3.26 3.56 3.50 3.37 3.40 3.56
 3.56 3.37 -346.59 3.56 3.26 3.43 2.29 3.56 3.56 3.56 3.56 2.83 2.64 3.56
 3.56 1.63 1.48 3.22 3.47 3.56 
G5EGL9     -124.24 -0.69 3.56 -7.58 -71.28 3.56 3.56 3.50 2.07 3.56 -2.04 3.56 2.48
 2.01 3.56 3.53 -1.83 3.56 3.53 3.56 1.28 0.10 -0.30 3.18 3.56 2.83 -240.39
 2.48 3.56 -187.09 -6.73 -0.99 1.74 -1.61 3.56 
P29990     3.56 3.40 0.96 3.56 -1.02 -0.03 -7.49 3.56 3.14 0.47 3.56 3.56 0.79 2.83
 3.56 3.33 3.40 2.40 3.56 3.18 -385.74 3.56 3.56 3.56 3.56 2.64 2.48
 -481.93 3.56 3.50 3.56 -5.08 3.53 -300.54 3.56 
G0YVK3     3.56 3.56 1.13 3.56 -1.71 3.56 -8.57 2.40 3.56 0.34 3.56 3.56 3.56 2.71
 3.56 3.53 3.53 2.48 3.56 3.56 3.56 2.94 2.94 3.56 3.26 3.56 3.56 3.56 3.56
 3.56 3.56 3.50 3.56 -300.95 3.56 
M9T5J2     -167.62 3.40 3.56 -10.15 -0.78 3.56 3.43 3.09 3.56 3.53 -2.83 3.56 3.53
 3.53 3.56 3.56 3.18 3.18 3.56 3.56 3.43 3.53 3.56 3.56 3.50 3.56 -187.09
 3.50 3.56 -267.61 -13.82 -1.90 3.56 2.77 3.56 
W8CZ94     -5.84 3.56 3.53 3.56 -2.56 -2.21 2.56 -2.83 2.22 2.83 -0.58 3.56 3.56
 -2.59 3.56 -82.15 -229.16 2.94 2.89 3.26 3.14 -151.28 -235.37 -2.32 3.56
 1.63 -6.73 3.56 3.56 -13.82 2.89 3.50 3.53 2.12 3.37 
X6N9B2     1.53 -3.65 -140.90 3.56 3.56 2.30 3.04 2.30 -132.59 3.26 3.14 3.50 -4.64
 2.30 -134.66 1.39 1.10 1.63 -0.04 2.56 -3.19 3.53 2.77 2.56 -136.06 1.48
 -0.99 -5.08 3.50 -1.90 3.50 -175.05 3.56 -3.41 -136.45 
P27395     3.56 3.56 3.56 3.56 0.10 3.56 -8.87 2.89 3.53 0.18 3.56 3.56 -482.85 3.56
 3.53 1.87 3.43 3.18 3.56 3.47 -386.83 3.43 3.56 3.56 2.83 3.22 1.74 3.53
 3.56 3.56 3.53 3.56 -487.45 -300.03 3.50 
D1FNM3     1.53 -306.94 -1.77 3.56 -1.90 -0.36 -7.66 3.56 0.88 2.56 3.26 3.56 -302.55
 2.77 -0.60 -3.35 1.41 2.20 3.30 3.56 -252.59 2.64 2.30 3.22 -0.67 3.47
 -1.61 -300.54 -300.95 2.77 2.12 -3.41 -300.03 -326.97 -1.90 
D0A4L4     3.56 2.48 3.56 3.56 3.04 1.77 3.50 2.40 -263.70 3.56 3.56 3.56 3.56 2.23
 -264.10 3.56 3.50 3.56 3.56 3.56 3.56 3.56 3.56 3.56 3.56 3.56 3.56 3.56
 3.56 3.56 3.37 -136.45 3.50 -1.90 3.56 
