35
Q85429 1.00 0.14 0.01 0.80 1.00 0.00 0.00 0.00 0.00 0.00 0.00 0.90 0.19 0.04 0.00 1.00 1.00 0.00 0.90 0.00 0.03 0.01 1.00 0.01 0.00 0.02 1.00 0.04 0.04 1.00 0.96 0.02 0.12 0.02 0.00
P22338 0.14 1.00 0.50 0.00 0.13 0.00 0.93 0.01 0.00 0.40 0.00 0.00 1.00 0.01 0.00 0.01 0.00 0.00 0.00 0.00 1.00 0.00 0.00 0.01 0.01 0.10 0.31 1.00 1.00 0.00 0.00 0.85 1.00 1.00 0.01
D2VN83 0.01 0.50 1.00 0.00 0.00 0.72 0.00 0.00 1.00 0.01 0.00 0.00 0.13 0.00 1.00 0.00 0.00 0.00 0.35 0.00 0.49 0.00 0.00 0.00 1.00 0.00 0.00 0.51 0.10 0.00 0.00 1.00 0.23 0.64 1.00
Q8JPR1 0.80 0.00 0.00 1.00 0.15 0.93 0.00 0.52 0.00 0.00 1.00 0.00 0.00 0.64 0.00 1.00 1.00 0.00 0.00 0.00 0.00 1.00 1.00 0.38 0.00 0.00 0.97 0.00 0.00 0.98 1.00 0.00 0.00 0.00 0.00
Q23869 1.00 0.13 0.00 0.15 1.00 0.00 0.01 0.01 0.00 0.00 0.00 0.89 0.59 0.02 0.00 1.00 0.98 0.00 0.86 0.00 0.37 0.02 0.98 0.01 0.00 0.00 1.00 0.29 0.62 1.00 0.82 0.00 0.16 0.59 0.00
C0MMX3 0.00 0.00 0.72 0.93 0.00 1.00 0.00 0.00 0.38 0.00 0.00 0.00 0.06 0.00 0.05 0.00 0.75 0.00 0.00 0.00 0.02 0.00 0.85 0.00 0.04 0.00 0.00 0.03 0.10 0.00 0.79 0.03 0.04 0.04 0.10
G7YB21 0.00 0.93 0.00 0.00 0.01 0.00 1.00 0.00 0.00 0.00 0.00 0.00 0.94 0.00 0.00 0.00 0.00 0.00 0.00 0.00 0.96 0.00 0.00 0.00 0.00 0.00 0.00 0.96 0.95 0.00 0.00 0.00 0.95 0.95 0.00
P03315 0.00 0.01 0.00 0.52 0.01 0.00 0.00 1.00 0.01 0.00 0.00 0.00 0.01 1.00 0.14 0.02 0.89 0.00 0.00 0.00 0.00 0.00 0.88 1.00 0.00 0.00 0.33 0.00 0.01 0.00 0.79 0.01 0.01 0.00 0.11
F4JP36 0.00 0.00 1.00 0.00 0.00 0.38 0.00 0.01 1.00 0.00 0.00 0.00 0.00 0.00 1.00 0.00 0.00 0.00 0.02 0.00 0.30 0.07 0.02 0.00 1.00 0.00 0.02 0.06 0.00 0.00 0.00 1.00 0.00 0.06 1.00
Q6X2U1 0.00 0.40 0.01 0.00 0.00 0.00 0.00 0.00 0.00 1.00 0.01 0.00 0.21 0.00 0.00 0.00 0.00 0.00 0.00 0.00 0.12 0.00 0.00 0.00 0.00 0.00 0.00 0.22 0.37 0.00 0.00 0.00 0.32 0.00 0.01
Q02004 0.00 0.00 0.00 1.00 0.00 0.00 0.00 0.00 0.00 0.01 1.00 0.00 0.00 0.00 0.00 0.98 1.00 0.00 0.00 0.00 0.02 1.00 1.00 0.00 0.00 0.00 0.68 0.00 0.00 0.81 1.00 0.00 0.00 0.00 0.00
D2VQ99 0.90 0.00 0.00 0.00 0.89 0.00 0.00 0.00 0.00 0.00 0.00 1.00 0.00 0.02 0.00 0.00 0.00 0.96 1.00 0.76 0.00 0.00 0.00 0.00 0.00 0.95 0.00 0.00 0.00 0.72 0.00 0.00 0.00 0.00 0.00
P06935 0.19 1.00 0.13 0.00 0.59 0.06 0.94 0.01 0.00 0.21 0.00 0.00 1.00 0.00 0.00 0.00 0.00 0.00 0.00 0.00 1.00 0.00 0.00 0.00 0.00 0.00 0.38 1.00 1.00 0.00 0.00 0.92 1.00 1.00 0.00
P13897 0.04 0.01 0.00 0.64 0.02 0.00 0.00 1.00 0.00 0.00 0.00 0.02 0.00 1.00 0.00 0.77 0.97 0.00 0.00 0.00 0.01 0.00 0.95 1.00 0.00 0.00 0.41 0.00 0.00 0.00 0.76 0.05 0.00 0.00 0.08
A0A060A682 0.00 0.00 1.00 0.00 0.00 0.05 0.00 0.14 1.00 0.00 0.00 0.00 0.00 0.00 1.00 0.00 0.00 0.00 0.21 0.00 0.07 0.00 0.00 0.00 1.00 0.00 0.00 0.19 0.00 0.00 0.00 1.00 0.07 0.56 1.00
A2T090 1.00 0.01 0.00 1.00 1.00 0.00 0.00 0.02 0.00 0.00 0.98 0.00 0.00 0.77 0.00 1.00 1.00 0.00 0.26 0.00 0.05 0.98 1.00 0.69 0.00 0.00 1.00 0.00 0.24 1.00 1.00 0.02 0.01 0.49 0.00
Q01260 1.00 0.00 0.00 1.00 0.98 0.75 0.00 0.89 0.00 0.00 1.00 0.00 0.00 0.97 0.00 1.00 1.00 0.00 0.00 0.05 0.02 1.00 1.00 0.96 0.00 0.01 1.00 0.00 0.00 1.00 1.00 0.03 0.00 0.03 0.00
T1ISJ2 0.00 0.00 0.00 0.00 0.00 0.00 0.00 0.00 0.00 0.00 0.00 0.96 0.00 0.00 0.00 0.00 0.00 1.00 0.95 1.00 0.00 0.00 0.00 0.00 0.00 1.00 0.00 0.01 0.01 0.01 0.00 0.02 0.00 0.01 0.00
D2W008 0.90 0.00 0.35 0.00 0.86 0.00 0.00 0.00 0.02 0.00 0.00 1.00 0.00 0.00 0.21 0.26 0.00 0.95 1.00 0.72 0.00 0.00 0.00 0.00 0.01 0.96 0.01 0.00 0.01 0.72 0.00 0.37 0.00 0.00 0.00
C3Y7J9 0.00 0.00 0.00 0.00 0.00 0.00 0.00 0.00 0.00 0.00 0.00 0.76 0.00 0.00 0.00 0.00 0.05 1.00 0.72 1.00 0.00 0.01 0.00 0.00 0.00 1.00 0.00 0.00 0.00 0.00 0.00 0.00 0.00 0.00 0.00
P33515 0.03 1.00 0.49 0.00 0.37 0.02 0.96 0.00 0.30 0.12 0.02 0.00 1.00 0.01 0.07 0.05 0.02 0.00 0.00 0.00 1.00 0.02 0.05 0.00 0.10 0.00 0.05 1.00 1.00 0.00 0.02 0.80 1.00 1.00 0.14
A3RKP6 0.01 0.00 0.00 1.00 0.02 0.00 0.00 0.00 0.07 0.00 1.00 0.00 0.00 0.00 0.00 0.98 1.00 0.00 0.00 0.01 0.02 1.00 1.00 0.00 0.00 0.01 0.14 0.00 0.01 0.00 1.00 0.00 0.00 0.03 0.00
H2AM12 1.00 0.00 0.00 1.00 0.98 0.85 0.00 0.88 0.02 0.00 1.00 0.00 0.00 0.95 0.00 1.00 1.00 0.00 0.00 0.00 0.05 1.00 1.00 0.96 0.00 0.00 1.00 0.00 0.00 1.00 1.00 0.00 0.02 0.01 0.00
R9RW17 0.01 0.01 0.00 0.38 0.01 0.00 0.00 1.00 0.00 0.00 0.00 0.00 0.00 1.00 0.00 0.69 0.96 0.00 0.00 0.00 0.00 0.00 0.96 1.00 0.00 0.00 0.36 0.00 0.00 0.00 0.73 0.01 0.00 0.00 0.00
A0A0K2SR10 0.00 0.01 1.00 0.00 0.00 0.04 0.00 0.00 1.00 0.00 0.00 0.00 0.00 0.00 1.00 0.00 0.00 0.00 0.01 0.00 0.10 0.00 0.00 0.00 1.00 0.00 0.00 0.00 0.00 0.00 0.00 1.00 0.00 0.29 1.00
G5EGL9 0.02 0.10 0.00 0.00 0.00 0.00 0.00 0.00 0.00 0.00 0.00 0.95 0.00 0.00 0.00 0.00 0.01 1.00 0.96 1.00 0.00 0.01 0.00 0.00 0.00 1.00 0.00 0.08 0.00 0.00 0.02 0.02 0.00 0.00 0.00
A0A0B5KS44 1.00 0.31 0.00 0.97 1.00 0.00 0.00 0.33 0.02 0.00 0.68 0.00 0.38 0.41 0.00 1.00 1.00 0.00 0.01 0.00 0.05 0.14 1.00 0.36 0.00 0.00 1.00 0.01 0.21 1.00 0.96 0.27 0.37 0.51 0.00
P29990 0.04 1.00 0.51 0.00 0.29 0.03 0.96 0.00 0.06 0.22 0.00 0.00 1.00 0.00 0.19 0.00 0.00 0.01 0.00 0.00 1.00 0.00 0.00 0.00 0.00 0.08 0.01 1.00 1.00 0.00 0.00 0.93 1.00 1.00 0.00
G0YVK3 0.04 1.00 0.10 0.00 0.62 0.10 0.95 0.01 0.00 0.37 0.00 0.00 1.00 0.00 0.00 0.24 0.00 0.01 0.01 0.00 1.00 0.01 0.00 0.00 0.00 0.00 0.21 1.00 1.00 0.00 0.00 0.87 1.00 1.00 0.00
M9T5J2 1.00 0.00 0.00 0.98 1.00 0.00 0.00 0.00 0.00 0.00 0.81 0.72 0.00 0.00 0.00 1.00 1.00 0.01 0.72 0.00 0.00 0.00 1.00 0.00 0.00 0.00 1.00 0.00 0.00 1.00 0.98 0.51 0.00 0.00 0.00
W8CZ94 0.96 0.00 0.00 1.00 0.82 0.79 0.00 0.79 0.00 0.00 1.00 0.00 0.00 0.76 0.00 1.00 1.00 0.00 0.00 0.00 0.02 1.00 1.00 0.73 0.00 0.02 0.96 0.00 0.00 0.98 1.00 0.00 0.00 0.01 0.00
X6N9B2 0.02 0.85 1.00 0.00 0.00 0.03 0.00 0.01 1.00 0.00 0.00 0.00 0.92 0.05 1.00 0.02 0.03 0.02 0.37 0.00 0.80 0.00 0.00 0.01 1.00 0.02 0.27 0.93 0.87 0.51 0.00 1.00 0.88 0.91 1.00
P27395 0.12 1.00 0.23 0.00 0.16 0.04 0.95 0.01 0.00 0.32 0.00 0.00 1.00 0.00 0.07 0.01 0.00 0.00 0.00 0.00 1.00 0.00 0.02 0.00 0.00 0.00 0.37 1.00 1.00 0.00 0.00 0.88 1.00 1.00 0.00
D1FNM3 0.02 1.00 0.64 0.00 0.59 0.04 0.95 0.00 0.06 0.00 0.00 0.00 1.00 0.00 0.56 0.49 0.03 0.01 0.00 0.00 1.00 0.03 0.01 0.00 0.29 0.00 0.51 1.00 1.00 0.00 0.01 0.91 1.00 1.00 0.61
D0A4L4 0.00 0.01 1.00 0.00 0.00 0.10 0.00 0.11 1.00 0.01 0.00 0.00 0.00 0.08 1.00 0.00 0.00 0.00 0.00 0.00 0.14 0.00 0.00 0.00 1.00 0.00 0.00 0.00 0.00 0.00 0.00 1.00 0.00 0.61 1.00
