 35
Q85429     0.00 100000.00 100000.00 0.16 0.00 100000.00 100000.00 100000.00 100000.00
 100000.00 100000.00 100000.00 100000.00 100000.00 100000.00 100000.00
 100000.00 100000.00 100000.00 100000.00 100000.00 100000.00 100000.00
 100000.00 100000.00 100000.00 0.00 100000.00 100000.00 0.00 0.00 100000.00
 100000.00 100000.00 100000.00 
P22338     100000.00 0.00 0.00 100000.00 100000.00 100000.00 0.00 100000.00 100000.00
 0.94 100000.00 100000.00 100000.00 100000.00 100000.00 100000.00 100000.00
 100000.00 100000.00 100000.00 0.00 100000.00 100000.00 100000.00 100000.00
 100000.00 2.15 100000.00 100000.00 100000.00 100000.00 0.00 100000.00 0.00
 100000.00 
D2VN83     100000.00 0.00 0.00 100000.00 100000.00 0.00 100000.00 100000.00 0.00
 100000.00 100000.00 100000.00 100000.00 100000.00 0.00 100000.00 100000.00
 100000.00 100000.00 100000.00 100000.00 100000.00 100000.00 100000.00
 100000.00 100000.00 100000.00 100000.00 100000.00 100000.00 100000.00 0.00
 100000.00 0.00 100000.00 
Q8JPR1     0.16 100000.00 100000.00 0.00 100000.00 100000.00 100000.00 100000.00
 100000.00 100000.00 100000.00 100000.00 100000.00 100000.00 100000.00 0.00
 100000.00 100000.00 100000.00 100000.00 100000.00 100000.00 100000.00
 100000.00 100000.00 100000.00 0.00 100000.00 100000.00 0.00 100000.00
 100000.00 100000.00 100000.00 100000.00 
Q23869     0.00 100000.00 100000.00 100000.00 0.00 100000.00 100000.00 100000.00
 100000.00 100000.00 100000.00 0.00 0.00 100000.00 100000.00 0.00 100000.00
 100000.00 0.00 100000.00 0.31 100000.00 0.00 100000.00 100000.00 100000.00
 0.00 0.81 0.00 1.61 0.00 100000.00 100000.00 0.00 100000.00 
C0MMX3     100000.00 100000.00 0.00 100000.00 100000.00 0.00 100000.00 100000.00
 100000.00 100000.00 100000.00 100000.00 100000.00 100000.00 100000.00
 100000.00 0.00 100000.00 100000.00 100000.00 100000.00 100000.00 100000.00
 100000.00 100000.00 100000.00 100000.00 100000.00 100000.00 100000.00 0.00
 100000.00 100000.00 100000.00 100000.00 
G7YB21     100000.00 0.00 100000.00 100000.00 100000.00 100000.00 0.00 100000.00
 100000.00 100000.00 100000.00 100000.00 0.00 100000.00 100000.00 100000.00
 100000.00 100000.00 100000.00 100000.00 0.00 100000.00 100000.00 100000.00
 100000.00 100000.00 100000.00 0.00 0.00 100000.00 100000.00 100000.00 0.00
 0.00 100000.00 
P03315     100000.00 100000.00 100000.00 100000.00 100000.00 100000.00 100000.00 0.00
 100000.00 100000.00 100000.00 100000.00 100000.00 0.00 100000.00 100000.00
 0.00 100000.00 100000.00 100000.00 100000.00 100000.00 0.00 0.00 100000.00
 100000.00 100000.00 100000.00 100000.00 100000.00 0.00 100000.00 100000.00
 100000.00 100000.00 
F4JP36     100000.00 100000.00 0.00 100000.00 100000.00 100000.00 100000.00 100000.00
 0.00 100000.00 100000.00 100000.00 100000.00 100000.00 100000.00 100000.00
 100000.00 100000.00 100000.00 100000.00 100000.00 100000.00 100000.00
 100000.00 0.00 100000.00 100000.00 100000.00 100000.00 100000.00 100000.00
 0.00 100000.00 100000.00 0.00 
Q6X2U1     100000.00 0.94 100000.00 100000.00 100000.00 100000.00 100000.00 100000.00
 100000.00 0.00 100000.00 100000.00 100000.00 100000.00 100000.00 100000.00
 100000.00 100000.00 100000.00 100000.00 100000.00 100000.00 100000.00
 100000.00 100000.00 100000.00 100000.00 100000.00 100000.00 100000.00
 100000.00 100000.00 100000.00 100000.00 100000.00 
Q02004     100000.00 100000.00 100000.00 100000.00 100000.00 100000.00 100000.00
 100000.00 100000.00 100000.00 0.00 100000.00 100000.00 100000.00 100000.00
 0.00 100000.00 100000.00 100000.00 100000.00 100000.00 0.00 100000.00
 100000.00 100000.00 100000.00 0.00 100000.00 100000.00 0.00 5.95 100000.00
 100000.00 100000.00 100000.00 
D2VQ99     100000.00 100000.00 100000.00 100000.00 0.00 100000.00 100000.00 100000.00
 100000.00 100000.00 100000.00 0.00 100000.00 100000.00 100000.00 100000.00
 100000.00 100000.00 100000.00 100000.00 100000.00 100000.00 100000.00
 100000.00 100000.00 100000.00 100000.00 100000.00 100000.00 100000.00
 100000.00 100000.00 100000.00 100000.00 100000.00 
P06935     100000.00 100000.00 100000.00 100000.00 0.00 100000.00 0.00 100000.00
 100000.00 100000.00 100000.00 100000.00 0.00 100000.00 100000.00 100000.00
 100000.00 100000.00 100000.00 100000.00 0.00 100000.00 100000.00 100000.00
 100000.00 100000.00 100000.00 100000.00 100000.00 100000.00 100000.00 0.00
 0.00 0.00 100000.00 
P13897     100000.00 100000.00 100000.00 100000.00 100000.00 100000.00 100000.00 0.00
 100000.00 100000.00 100000.00 100000.00 100000.00 0.00 100000.00 100000.00
 0.00 100000.00 100000.00 100000.00 100000.00 100000.00 0.00 0.00 100000.00
 100000.00 100000.00 100000.00 100000.00 100000.00 0.00 100000.00 100000.00
 100000.00 100000.00 
P13897     100000.00 100000.00 0.00 100000.00 100000.00 100000.00 100000.00 100000.00
 100000.00 100000.00 100000.00 100000.00 100000.00 100000.00 0.00 100000.00
 100000.00 100000.00 100000.00 100000.00 100000.00 100000.00 100000.00
 100000.00 0.00 100000.00 100000.00 100000.00 100000.00 100000.00 100000.00
 0.00 100000.00 3.88 0.00 
A2T090     100000.00 100000.00 100000.00 0.00 0.00 100000.00 100000.00 100000.00
 100000.00 100000.00 0.00 100000.00 100000.00 100000.00 100000.00 0.00
 100000.00 100000.00 100000.00 100000.00 100000.00 100000.00 100000.00
 100000.00 100000.00 100000.00 100000.00 100000.00 100000.00 100000.00 0.00
 100000.00 100000.00 0.00 100000.00 
Q01260     100000.00 100000.00 100000.00 100000.00 100000.00 0.00 100000.00 0.00
 100000.00 100000.00 100000.00 100000.00 100000.00 0.00 100000.00 100000.00
 0.00 100000.00 100000.00 100000.00 100000.00 100000.00 100000.00 100000.00
 100000.00 100000.00 0.00 100000.00 100000.00 100000.00 0.00 100000.00
 100000.00 100000.00 100000.00 
T1ISJ2     100000.00 100000.00 100000.00 100000.00 100000.00 100000.00 100000.00
 100000.00 100000.00 100000.00 100000.00 100000.00 100000.00 100000.00
 100000.00 100000.00 100000.00 0.00 100000.00 100000.00 100000.00 100000.00
 100000.00 100000.00 100000.00 0.00 100000.00 100000.00 100000.00 100000.00
 100000.00 100000.00 100000.00 100000.00 100000.00 
D2W008     100000.00 100000.00 100000.00 100000.00 0.00 100000.00 100000.00 100000.00
 100000.00 100000.00 100000.00 100000.00 100000.00 100000.00 100000.00
 100000.00 100000.00 100000.00 0.00 100000.00 100000.00 100000.00 100000.00
 100000.00 100000.00 100000.00 100000.00 100000.00 100000.00 100000.00
 100000.00 100000.00 100000.00 100000.00 100000.00 
C3Y7J9     100000.00 100000.00 100000.00 100000.00 100000.00 100000.00 100000.00
 100000.00 100000.00 100000.00 100000.00 100000.00 100000.00 100000.00
 100000.00 100000.00 100000.00 100000.00 100000.00 0.00 100000.00 100000.00
 100000.00 100000.00 100000.00 100000.00 100000.00 100000.00 100000.00
 100000.00 100000.00 100000.00 100000.00 100000.00 100000.00 
P33515     100000.00 0.00 100000.00 100000.00 0.31 100000.00 0.00 100000.00 100000.00
 100000.00 100000.00 100000.00 0.00 100000.00 100000.00 100000.00 100000.00
 100000.00 100000.00 100000.00 0.00 100000.00 100000.00 100000.00 100000.00
 100000.00 100000.00 0.00 100000.00 100000.00 100000.00 0.00 0.00 0.00
 100000.00 
A3RKP6     100000.00 100000.00 100000.00 100000.00 100000.00 100000.00 100000.00
 100000.00 100000.00 100000.00 0.00 100000.00 100000.00 100000.00 100000.00
 100000.00 100000.00 100000.00 100000.00 100000.00 100000.00 0.00 100000.00
 100000.00 100000.00 100000.00 100000.00 100000.00 100000.00 100000.00 0.00
 100000.00 100000.00 100000.00 100000.00 
H2AM12     100000.00 100000.00 100000.00 100000.00 0.00 100000.00 100000.00 0.00
 100000.00 100000.00 100000.00 100000.00 100000.00 0.00 100000.00 100000.00
 100000.00 100000.00 100000.00 100000.00 100000.00 100000.00 0.00 100000.00
 100000.00 100000.00 100000.00 100000.00 100000.00 100000.00 0.00 100000.00
 100000.00 100000.00 100000.00 
R9RW17     100000.00 100000.00 100000.00 100000.00 100000.00 100000.00 100000.00 0.00
 100000.00 100000.00 100000.00 100000.00 100000.00 0.00 100000.00 100000.00
 100000.00 100000.00 100000.00 100000.00 100000.00 100000.00 100000.00 0.00
 100000.00 100000.00 100000.00 100000.00 100000.00 100000.00 0.00 100000.00
 100000.00 100000.00 100000.00 
R9RW17     100000.00 100000.00 100000.00 100000.00 100000.00 100000.00 100000.00
 100000.00 0.00 100000.00 100000.00 100000.00 100000.00 100000.00 0.00
 100000.00 100000.00 100000.00 100000.00 100000.00 100000.00 100000.00
 100000.00 100000.00 0.00 100000.00 100000.00 100000.00 100000.00 100000.00
 100000.00 0.00 100000.00 2.34 100000.00 
G5EGL9     100000.00 100000.00 100000.00 100000.00 100000.00 100000.00 100000.00
 100000.00 100000.00 100000.00 100000.00 100000.00 100000.00 100000.00
 100000.00 100000.00 100000.00 0.00 100000.00 100000.00 100000.00 100000.00
 100000.00 100000.00 100000.00 0.00 100000.00 100000.00 100000.00 100000.00
 100000.00 100000.00 100000.00 100000.00 100000.00 
G5EGL9     0.00 2.15 100000.00 0.00 0.00 100000.00 100000.00 100000.00 100000.00
 100000.00 0.00 100000.00 100000.00 100000.00 100000.00 100000.00 0.00
 100000.00 100000.00 100000.00 100000.00 100000.00 100000.00 100000.00
 100000.00 100000.00 0.00 100000.00 100000.00 0.00 0.00 0.87 100000.00 0.00
 100000.00 
P29990     100000.00 100000.00 100000.00 100000.00 0.81 100000.00 0.00 100000.00
 100000.00 100000.00 100000.00 100000.00 100000.00 100000.00 100000.00
 100000.00 100000.00 100000.00 100000.00 100000.00 0.00 100000.00 100000.00
 100000.00 100000.00 100000.00 100000.00 0.00 100000.00 100000.00 100000.00
 0.00 100000.00 0.00 100000.00 
G0YVK3     100000.00 100000.00 100000.00 100000.00 0.00 100000.00 0.00 100000.00
 100000.00 100000.00 100000.00 100000.00 100000.00 100000.00 100000.00
 100000.00 100000.00 100000.00 100000.00 100000.00 100000.00 100000.00
 100000.00 100000.00 100000.00 100000.00 100000.00 100000.00 0.00 100000.00
 100000.00 100000.00 100000.00 0.00 100000.00 
M9T5J2     0.00 100000.00 100000.00 0.00 1.61 100000.00 100000.00 100000.00 100000.00
 100000.00 0.00 100000.00 100000.00 100000.00 100000.00 100000.00 100000.00
 100000.00 100000.00 100000.00 100000.00 100000.00 100000.00 100000.00
 100000.00 100000.00 0.00 100000.00 100000.00 0.00 0.00 0.00 100000.00
 100000.00 100000.00 
W8CZ94     0.00 100000.00 100000.00 100000.00 0.00 0.00 100000.00 0.00 100000.00
 100000.00 5.95 100000.00 100000.00 0.00 100000.00 0.00 0.00 100000.00
 100000.00 100000.00 100000.00 0.00 0.00 0.00 100000.00 100000.00 0.00
 100000.00 100000.00 0.00 0.00 100000.00 100000.00 100000.00 100000.00 
X6N9B2     100000.00 0.00 0.00 100000.00 100000.00 100000.00 100000.00 100000.00 0.00
 100000.00 100000.00 100000.00 0.00 100000.00 0.00 100000.00 100000.00
 100000.00 100000.00 100000.00 0.00 100000.00 100000.00 100000.00 0.00
 100000.00 0.87 0.00 100000.00 0.00 100000.00 0.00 100000.00 0.00 0.00 
P27395     100000.00 100000.00 100000.00 100000.00 100000.00 100000.00 0.00 100000.00
 100000.00 100000.00 100000.00 100000.00 0.00 100000.00 100000.00 100000.00
 100000.00 100000.00 100000.00 100000.00 0.00 100000.00 100000.00 100000.00
 100000.00 100000.00 100000.00 100000.00 100000.00 100000.00 100000.00
 100000.00 0.00 0.00 100000.00 
D1FNM3     100000.00 0.00 0.00 100000.00 0.00 100000.00 0.00 100000.00 100000.00
 100000.00 100000.00 100000.00 0.00 100000.00 3.88 0.00 100000.00 100000.00
 100000.00 100000.00 0.00 100000.00 100000.00 100000.00 2.34 100000.00 0.00
 0.00 0.00 100000.00 100000.00 0.00 0.00 0.00 0.00 
D0A4L4     100000.00 100000.00 100000.00 100000.00 100000.00 100000.00 100000.00
 100000.00 0.00 100000.00 100000.00 100000.00 100000.00 100000.00 0.00
 100000.00 100000.00 100000.00 100000.00 100000.00 100000.00 100000.00
 100000.00 100000.00 100000.00 100000.00 100000.00 100000.00 100000.00
 100000.00 100000.00 0.00 100000.00 0.00 0.00 
